Name;Type;DLL;SymbolOrOrdinal
AcquireSRWLockExclusive;code;KERNEL32.dll;
AcquireSRWLockShared;code;KERNEL32.dll;
ActivateActCtx;code;KERNEL32.dll;
AddAtomA;code;KERNEL32.dll;
AddAtomW;code;KERNEL32.dll;
AddConsoleAliasA;code;KERNEL32.dll;
AddConsoleAliasW;code;KERNEL32.dll;
AddDllDirectory;code;KERNEL32.dll;
AddIntegrityLabelToBoundaryDescriptor;code;KERNEL32.dll;
AddLocalAlternateComputerNameA;code;KERNEL32.dll;
AddLocalAlternateComputerNameW;code;KERNEL32.dll;
AddRefActCtx;code;KERNEL32.dll;
AddResourceAttributeAce;code;KERNEL32.dll;
AddSIDToBoundaryDescriptor;code;KERNEL32.dll;
AddScopedPolicyIDAce;code;KERNEL32.dll;
AddSecureMemoryCacheCallback;code;KERNEL32.dll;
AddVectoredContinueHandler;code;KERNEL32.dll;
AddVectoredExceptionHandler;code;KERNEL32.dll;
AllocConsole;code;KERNEL32.dll;
AllocateUserPhysicalPages;code;KERNEL32.dll;
AllocateUserPhysicalPagesNuma;code;KERNEL32.dll;
AppPolicyGetClrCompat;code;KERNEL32.dll;
AppPolicyGetCreateFileAccess;code;KERNEL32.dll;
AppPolicyGetLifecycleManagement;code;KERNEL32.dll;
AppPolicyGetMediaFoundationCodecLoading;code;KERNEL32.dll;
AppPolicyGetProcessTerminationMethod;code;KERNEL32.dll;
AppPolicyGetShowDeveloperDiagnostic;code;KERNEL32.dll;
AppPolicyGetThreadInitializationType;code;KERNEL32.dll;
AppPolicyGetWindowingModel;code;KERNEL32.dll;
AppXGetOSMaxVersionTested;code;KERNEL32.dll;
ApplicationRecoveryFinished;code;KERNEL32.dll;
ApplicationRecoveryInProgress;code;KERNEL32.dll;
AreFileApisANSI;code;KERNEL32.dll;
AssignProcessToJobObject;code;KERNEL32.dll;
AttachConsole;code;KERNEL32.dll;
BackupRead;code;KERNEL32.dll;
BackupSeek;code;KERNEL32.dll;
BackupWrite;code;KERNEL32.dll;
BaseGetNamedObjectDirectory;code;KERNEL32.dll;
BaseSetLastNTError;code;KERNEL32.dll;
Beep;code;KERNEL32.dll;
BeginUpdateResourceA;code;KERNEL32.dll;
BeginUpdateResourceW;code;KERNEL32.dll;
BindIoCompletionCallback;code;KERNEL32.dll;
BuildCommDCBA;code;KERNEL32.dll;
BuildCommDCBAndTimeoutsA;code;KERNEL32.dll;
BuildCommDCBAndTimeoutsW;code;KERNEL32.dll;
BuildCommDCBW;code;KERNEL32.dll;
CallNamedPipeA;code;KERNEL32.dll;
CallNamedPipeW;code;KERNEL32.dll;
CallbackMayRunLong;code;KERNEL32.dll;
CancelDeviceWakeupRequest;code;KERNEL32.dll;
CancelIo;code;KERNEL32.dll;
CancelIoEx;code;KERNEL32.dll;
CancelSynchronousIo;code;KERNEL32.dll;
CancelThreadpoolIo;code;KERNEL32.dll;
CancelTimerQueueTimer;code;KERNEL32.dll;
CancelWaitableTimer;code;KERNEL32.dll;
CeipIsOptedIn;code;KERNEL32.dll;
ChangeTimerQueueTimer;code;KERNEL32.dll;
CheckElevation;code;KERNEL32.dll;
CheckElevationEnabled;code;KERNEL32.dll;
CheckNameLegalDOS8Dot3A;code;KERNEL32.dll;
CheckNameLegalDOS8Dot3W;code;KERNEL32.dll;
CheckRemoteDebuggerPresent;code;KERNEL32.dll;
CheckTokenCapability;code;KERNEL32.dll;
CheckTokenMembershipEx;code;KERNEL32.dll;
ClearCommBreak;code;KERNEL32.dll;
ClearCommError;code;KERNEL32.dll;
CloseHandle;code;KERNEL32.dll;
ClosePackageInfo;code;KERNEL32.dll;
ClosePrivateNamespace;code;KERNEL32.dll;
CloseState;code;KERNEL32.dll;
CloseThreadpool;code;KERNEL32.dll;
CloseThreadpoolCleanupGroup;code;KERNEL32.dll;
CloseThreadpoolCleanupGroupMembers;code;KERNEL32.dll;
CloseThreadpoolIo;code;KERNEL32.dll;
CloseThreadpoolTimer;code;KERNEL32.dll;
CloseThreadpoolWait;code;KERNEL32.dll;
CloseThreadpoolWork;code;KERNEL32.dll;
CommConfigDialogA;code;KERNEL32.dll;
CommConfigDialogW;code;KERNEL32.dll;
CompareFileTime;code;KERNEL32.dll;
CompareStringA;code;KERNEL32.dll;
CompareStringEx;code;KERNEL32.dll;
CompareStringOrdinal;code;KERNEL32.dll;
CompareStringW;code;KERNEL32.dll;
ConnectNamedPipe;code;KERNEL32.dll;
ContinueDebugEvent;code;KERNEL32.dll;
ConvertDefaultLocale;code;KERNEL32.dll;
ConvertFiberToThread;code;KERNEL32.dll;
ConvertThreadToFiber;code;KERNEL32.dll;
ConvertThreadToFiberEx;code;KERNEL32.dll;
CopyContext;code;KERNEL32.dll;
CopyFile2;code;KERNEL32.dll;
CopyFileA;code;KERNEL32.dll;
CopyFileExA;code;KERNEL32.dll;
CopyFileExW;code;KERNEL32.dll;
CopyFileTransactedA;code;KERNEL32.dll;
CopyFileTransactedW;code;KERNEL32.dll;
CopyFileW;code;KERNEL32.dll;
CreateActCtxA;code;KERNEL32.dll;
CreateActCtxW;code;KERNEL32.dll;
CreateBoundaryDescriptorA;code;KERNEL32.dll;
CreateBoundaryDescriptorW;code;KERNEL32.dll;
CreateConsoleScreenBuffer;code;KERNEL32.dll;
CreateDirectoryA;code;KERNEL32.dll;
CreateDirectoryExA;code;KERNEL32.dll;
CreateDirectoryExW;code;KERNEL32.dll;
CreateDirectoryTransactedA;code;KERNEL32.dll;
CreateDirectoryTransactedW;code;KERNEL32.dll;
CreateDirectoryW;code;KERNEL32.dll;
CreateEnclave;code;KERNEL32.dll;
CreateEventA;code;KERNEL32.dll;
CreateEventExA;code;KERNEL32.dll;
CreateEventExW;code;KERNEL32.dll;
CreateEventW;code;KERNEL32.dll;
CreateFiber;code;KERNEL32.dll;
CreateFiberEx;code;KERNEL32.dll;
CreateFile2;code;KERNEL32.dll;
CreateFileA;code;KERNEL32.dll;
CreateFileMappingA;code;KERNEL32.dll;
CreateFileMappingFromApp;code;KERNEL32.dll;
CreateFileMappingNumaA;code;KERNEL32.dll;
CreateFileMappingNumaW;code;KERNEL32.dll;
CreateFileMappingW;code;KERNEL32.dll;
CreateFileTransactedA;code;KERNEL32.dll;
CreateFileTransactedW;code;KERNEL32.dll;
CreateFileW;code;KERNEL32.dll;
CreateHardLinkA;code;KERNEL32.dll;
CreateHardLinkTransactedA;code;KERNEL32.dll;
CreateHardLinkTransactedW;code;KERNEL32.dll;
CreateHardLinkW;code;KERNEL32.dll;
CreateIoCompletionPort;code;KERNEL32.dll;
CreateJobObjectA;code;KERNEL32.dll;
CreateJobObjectW;code;KERNEL32.dll;
CreateJobSet;code;KERNEL32.dll;
CreateMailslotA;code;KERNEL32.dll;
CreateMailslotW;code;KERNEL32.dll;
CreateMemoryResourceNotification;code;KERNEL32.dll;
CreateMutexA;code;KERNEL32.dll;
CreateMutexExA;code;KERNEL32.dll;
CreateMutexExW;code;KERNEL32.dll;
CreateMutexW;code;KERNEL32.dll;
CreateNamedPipeA;code;KERNEL32.dll;
CreateNamedPipeW;code;KERNEL32.dll;
CreatePipe;code;KERNEL32.dll;
CreatePrivateNamespaceA;code;KERNEL32.dll;
CreatePrivateNamespaceW;code;KERNEL32.dll;
CreateProcessA;code;KERNEL32.dll;
CreateProcessW;code;KERNEL32.dll;
CreateRemoteThread;code;KERNEL32.dll;
CreateRemoteThreadEx;code;KERNEL32.dll;
CreateSemaphoreA;code;KERNEL32.dll;
CreateSemaphoreExA;code;KERNEL32.dll;
CreateSemaphoreExW;code;KERNEL32.dll;
CreateSemaphoreW;code;KERNEL32.dll;
CreateSymbolicLinkA;code;KERNEL32.dll;
CreateSymbolicLinkTransactedA;code;KERNEL32.dll;
CreateSymbolicLinkTransactedW;code;KERNEL32.dll;
CreateSymbolicLinkW;code;KERNEL32.dll;
CreateTapePartition;code;KERNEL32.dll;
CreateThread;code;KERNEL32.dll;
CreateThreadpool;code;KERNEL32.dll;
CreateThreadpoolCleanupGroup;code;KERNEL32.dll;
CreateThreadpoolIo;code;KERNEL32.dll;
CreateThreadpoolTimer;code;KERNEL32.dll;
CreateThreadpoolWait;code;KERNEL32.dll;
CreateThreadpoolWork;code;KERNEL32.dll;
CreateTimerQueue;code;KERNEL32.dll;
CreateTimerQueueTimer;code;KERNEL32.dll;
CreateToolhelp32Snapshot;code;KERNEL32.dll;
CreateWaitableTimerA;code;KERNEL32.dll;
CreateWaitableTimerExA;code;KERNEL32.dll;
CreateWaitableTimerExW;code;KERNEL32.dll;
CreateWaitableTimerW;code;KERNEL32.dll;
CtrlRoutine;code;KERNEL32.dll;
DeactivateActCtx;code;KERNEL32.dll;
DebugActiveProcess;code;KERNEL32.dll;
DebugActiveProcessStop;code;KERNEL32.dll;
DebugBreak;code;KERNEL32.dll;
DebugBreakProcess;code;KERNEL32.dll;
DebugSetProcessKillOnExit;code;KERNEL32.dll;
DecodePointer;code;KERNEL32.dll;
DecodeSystemPointer;code;KERNEL32.dll;
DefineDosDeviceA;code;KERNEL32.dll;
DefineDosDeviceW;code;KERNEL32.dll;
DelayLoadFailureHook;code;KERNEL32.dll;
DeleteAtom;code;KERNEL32.dll;
DeleteBoundaryDescriptor;code;KERNEL32.dll;
DeleteCriticalSection;code;KERNEL32.dll;
DeleteFiber;code;KERNEL32.dll;
DeleteFileA;code;KERNEL32.dll;
DeleteFileTransactedA;code;KERNEL32.dll;
DeleteFileTransactedW;code;KERNEL32.dll;
DeleteFileW;code;KERNEL32.dll;
DeleteProcThreadAttributeList;code;KERNEL32.dll;
DeleteSynchronizationBarrier;code;KERNEL32.dll;
DeleteTimerQueue;code;KERNEL32.dll;
DeleteTimerQueueEx;code;KERNEL32.dll;
DeleteTimerQueueTimer;code;KERNEL32.dll;
DeleteVolumeMountPointA;code;KERNEL32.dll;
DeleteVolumeMountPointW;code;KERNEL32.dll;
DeviceIoControl;code;KERNEL32.dll;
DisableThreadLibraryCalls;code;KERNEL32.dll;
DisableThreadProfiling;code;KERNEL32.dll;
DisassociateCurrentThreadFromCallback;code;KERNEL32.dll;
DiscardVirtualMemory;code;KERNEL32.dll;
DisconnectNamedPipe;code;KERNEL32.dll;
DnsHostnameToComputerNameA;code;KERNEL32.dll;
DnsHostnameToComputerNameExW;code;KERNEL32.dll;
DnsHostnameToComputerNameW;code;KERNEL32.dll;
DosDateTimeToFileTime;code;KERNEL32.dll;
DosPathToSessionPathW;code;KERNEL32.dll;
DuplicateHandle;code;KERNEL32.dll;
EnableThreadProfiling;code;KERNEL32.dll;
EncodePointer;code;KERNEL32.dll;
EncodeSystemPointer;code;KERNEL32.dll;
EndUpdateResourceA;code;KERNEL32.dll;
EndUpdateResourceW;code;KERNEL32.dll;
EnterCriticalSection;code;KERNEL32.dll;
EnterSynchronizationBarrier;code;KERNEL32.dll;
EnumCalendarInfoA;code;KERNEL32.dll;
EnumCalendarInfoExA;code;KERNEL32.dll;
EnumCalendarInfoExEx;code;KERNEL32.dll;
EnumCalendarInfoExW;code;KERNEL32.dll;
EnumCalendarInfoW;code;KERNEL32.dll;
EnumDateFormatsA;code;KERNEL32.dll;
EnumDateFormatsExA;code;KERNEL32.dll;
EnumDateFormatsExEx;code;KERNEL32.dll;
EnumDateFormatsExW;code;KERNEL32.dll;
EnumDateFormatsW;code;KERNEL32.dll;
EnumLanguageGroupLocalesA;code;KERNEL32.dll;
EnumLanguageGroupLocalesW;code;KERNEL32.dll;
EnumResourceLanguagesA;code;KERNEL32.dll;
EnumResourceLanguagesExA;code;KERNEL32.dll;
EnumResourceLanguagesExW;code;KERNEL32.dll;
EnumResourceLanguagesW;code;KERNEL32.dll;
EnumResourceNamesA;code;KERNEL32.dll;
EnumResourceNamesExA;code;KERNEL32.dll;
EnumResourceNamesExW;code;KERNEL32.dll;
EnumResourceNamesW;code;KERNEL32.dll;
EnumResourceTypesA;code;KERNEL32.dll;
EnumResourceTypesExA;code;KERNEL32.dll;
EnumResourceTypesExW;code;KERNEL32.dll;
EnumResourceTypesW;code;KERNEL32.dll;
EnumSystemCodePagesA;code;KERNEL32.dll;
EnumSystemCodePagesW;code;KERNEL32.dll;
EnumSystemFirmwareTables;code;KERNEL32.dll;
EnumSystemGeoID;code;KERNEL32.dll;
EnumSystemGeoNames;code;KERNEL32.dll;
EnumSystemLanguageGroupsA;code;KERNEL32.dll;
EnumSystemLanguageGroupsW;code;KERNEL32.dll;
EnumSystemLocalesA;code;KERNEL32.dll;
EnumSystemLocalesEx;code;KERNEL32.dll;
EnumSystemLocalesW;code;KERNEL32.dll;
EnumTimeFormatsA;code;KERNEL32.dll;
EnumTimeFormatsEx;code;KERNEL32.dll;
EnumTimeFormatsW;code;KERNEL32.dll;
EnumUILanguagesA;code;KERNEL32.dll;
EnumUILanguagesW;code;KERNEL32.dll;
EnumerateLocalComputerNamesA;code;KERNEL32.dll;
EnumerateLocalComputerNamesW;code;KERNEL32.dll;
EraseTape;code;KERNEL32.dll;
EscapeCommFunction;code;KERNEL32.dll;
ExitProcess;code;KERNEL32.dll;
ExitThread;code;KERNEL32.dll;
ExpandEnvironmentStringsA;code;KERNEL32.dll;
ExpandEnvironmentStringsW;code;KERNEL32.dll;
FatalAppExitA;code;KERNEL32.dll;
FatalAppExitW;code;KERNEL32.dll;
FatalExit;code;KERNEL32.dll;
FileTimeToDosDateTime;code;KERNEL32.dll;
FileTimeToLocalFileTime;code;KERNEL32.dll;
FileTimeToSystemTime;code;KERNEL32.dll;
FillConsoleOutputAttribute;code;KERNEL32.dll;
FillConsoleOutputCharacterA;code;KERNEL32.dll;
FillConsoleOutputCharacterW;code;KERNEL32.dll;
FindActCtxSectionGuid;code;KERNEL32.dll;
FindActCtxSectionStringA;code;KERNEL32.dll;
FindActCtxSectionStringW;code;KERNEL32.dll;
FindAtomA;code;KERNEL32.dll;
FindAtomW;code;KERNEL32.dll;
FindClose;code;KERNEL32.dll;
FindCloseChangeNotification;code;KERNEL32.dll;
FindFirstChangeNotificationA;code;KERNEL32.dll;
FindFirstChangeNotificationW;code;KERNEL32.dll;
FindFirstFileA;code;KERNEL32.dll;
FindFirstFileExA;code;KERNEL32.dll;
FindFirstFileExW;code;KERNEL32.dll;
FindFirstFileNameTransactedW;code;KERNEL32.dll;
FindFirstFileNameW;code;KERNEL32.dll;
FindFirstFileTransactedA;code;KERNEL32.dll;
FindFirstFileTransactedW;code;KERNEL32.dll;
FindFirstFileW;code;KERNEL32.dll;
FindFirstStreamTransactedW;code;KERNEL32.dll;
FindFirstStreamW;code;KERNEL32.dll;
FindFirstVolumeA;code;KERNEL32.dll;
FindFirstVolumeMountPointA;code;KERNEL32.dll;
FindFirstVolumeMountPointW;code;KERNEL32.dll;
FindFirstVolumeW;code;KERNEL32.dll;
FindNLSString;code;KERNEL32.dll;
FindNLSStringEx;code;KERNEL32.dll;
FindNextChangeNotification;code;KERNEL32.dll;
FindNextFileA;code;KERNEL32.dll;
FindNextFileNameW;code;KERNEL32.dll;
FindNextFileW;code;KERNEL32.dll;
FindNextStreamW;code;KERNEL32.dll;
FindNextVolumeA;code;KERNEL32.dll;
FindNextVolumeMountPointA;code;KERNEL32.dll;
FindNextVolumeMountPointW;code;KERNEL32.dll;
FindNextVolumeW;code;KERNEL32.dll;
FindPackagesByPackageFamily;code;KERNEL32.dll;
FindResourceA;code;KERNEL32.dll;
FindResourceExA;code;KERNEL32.dll;
FindResourceExW;code;KERNEL32.dll;
FindResourceW;code;KERNEL32.dll;
FindStringOrdinal;code;KERNEL32.dll;
FindVolumeClose;code;KERNEL32.dll;
FindVolumeMountPointClose;code;KERNEL32.dll;
FlsAlloc;code;KERNEL32.dll;
FlsFree;code;KERNEL32.dll;
FlsGetValue;code;KERNEL32.dll;
FlsSetValue;code;KERNEL32.dll;
FlushConsoleInputBuffer;code;KERNEL32.dll;
FlushFileBuffers;code;KERNEL32.dll;
FlushInstructionCache;code;KERNEL32.dll;
FlushProcessWriteBuffers;code;KERNEL32.dll;
FlushViewOfFile;code;KERNEL32.dll;
FoldStringA;code;KERNEL32.dll;
FoldStringW;code;KERNEL32.dll;
FormatApplicationUserModelId;code;KERNEL32.dll;
FormatMessageA;code;KERNEL32.dll;
FormatMessageW;code;KERNEL32.dll;
FreeConsole;code;KERNEL32.dll;
FreeEnvironmentStringsA;code;KERNEL32.dll;
FreeEnvironmentStringsW;code;KERNEL32.dll;
FreeLibrary;code;KERNEL32.dll;
FreeLibraryAndExitThread;code;KERNEL32.dll;
FreeLibraryWhenCallbackReturns;code;KERNEL32.dll;
FreeMemoryJobObject;code;KERNEL32.dll;
FreeResource;code;KERNEL32.dll;
FreeUserPhysicalPages;code;KERNEL32.dll;
GenerateConsoleCtrlEvent;code;KERNEL32.dll;
GetACP;code;KERNEL32.dll;
GetActiveProcessorCount;code;KERNEL32.dll;
GetActiveProcessorGroupCount;code;KERNEL32.dll;
GetAppContainerAce;code;KERNEL32.dll;
GetAppContainerNamedObjectPath;code;KERNEL32.dll;
GetApplicationRecoveryCallback;code;KERNEL32.dll;
GetApplicationRestartSettings;code;KERNEL32.dll;
GetApplicationUserModelId;code;KERNEL32.dll;
GetAtomNameA;code;KERNEL32.dll;
GetAtomNameW;code;KERNEL32.dll;
GetBinaryType;code;KERNEL32.dll;
GetBinaryTypeA;code;KERNEL32.dll;
GetBinaryTypeW;code;KERNEL32.dll;
GetCPInfo;code;KERNEL32.dll;
GetCPInfoExA;code;KERNEL32.dll;
GetCPInfoExW;code;KERNEL32.dll;
GetCachedSigningLevel;code;KERNEL32.dll;
GetCalendarInfoA;code;KERNEL32.dll;
GetCalendarInfoEx;code;KERNEL32.dll;
GetCalendarInfoW;code;KERNEL32.dll;
GetCommConfig;code;KERNEL32.dll;
GetCommMask;code;KERNEL32.dll;
GetCommModemStatus;code;KERNEL32.dll;
GetCommProperties;code;KERNEL32.dll;
GetCommState;code;KERNEL32.dll;
GetCommTimeouts;code;KERNEL32.dll;
GetCommandLineA;code;KERNEL32.dll;
GetCommandLineW;code;KERNEL32.dll;
GetCompressedFileSizeA;code;KERNEL32.dll;
GetCompressedFileSizeTransactedA;code;KERNEL32.dll;
GetCompressedFileSizeTransactedW;code;KERNEL32.dll;
GetCompressedFileSizeW;code;KERNEL32.dll;
GetComputerNameA;code;KERNEL32.dll;
GetComputerNameExA;code;KERNEL32.dll;
GetComputerNameExW;code;KERNEL32.dll;
GetComputerNameW;code;KERNEL32.dll;
GetConsoleAliasA;code;KERNEL32.dll;
GetConsoleAliasExesA;code;KERNEL32.dll;
GetConsoleAliasExesLengthA;code;KERNEL32.dll;
GetConsoleAliasExesLengthW;code;KERNEL32.dll;
GetConsoleAliasExesW;code;KERNEL32.dll;
GetConsoleAliasW;code;KERNEL32.dll;
GetConsoleAliasesA;code;KERNEL32.dll;
GetConsoleAliasesLengthA;code;KERNEL32.dll;
GetConsoleAliasesLengthW;code;KERNEL32.dll;
GetConsoleAliasesW;code;KERNEL32.dll;
GetConsoleCP;code;KERNEL32.dll;
GetConsoleCursorInfo;code;KERNEL32.dll;
GetConsoleDisplayMode;code;KERNEL32.dll;
GetConsoleFontSize;code;KERNEL32.dll;
GetConsoleHistoryInfo;code;KERNEL32.dll;
GetConsoleMode;code;KERNEL32.dll;
GetConsoleOriginalTitleA;code;KERNEL32.dll;
GetConsoleOriginalTitleW;code;KERNEL32.dll;
GetConsoleOutputCP;code;KERNEL32.dll;
GetConsoleProcessList;code;KERNEL32.dll;
GetConsoleScreenBufferInfo;code;KERNEL32.dll;
GetConsoleScreenBufferInfoEx;code;KERNEL32.dll;
GetConsoleSelectionInfo;code;KERNEL32.dll;
GetConsoleTitleA;code;KERNEL32.dll;
GetConsoleTitleW;code;KERNEL32.dll;
GetConsoleWindow;code;KERNEL32.dll;
GetCurrencyFormatA;code;KERNEL32.dll;
GetCurrencyFormatEx;code;KERNEL32.dll;
GetCurrencyFormatW;code;KERNEL32.dll;
GetCurrentActCtx;code;KERNEL32.dll;
GetCurrentApplicationUserModelId;code;KERNEL32.dll;
GetCurrentConsoleFont;code;KERNEL32.dll;
GetCurrentConsoleFontEx;code;KERNEL32.dll;
GetCurrentDirectoryA;code;KERNEL32.dll;
GetCurrentDirectoryW;code;KERNEL32.dll;
GetCurrentPackageFamilyName;code;KERNEL32.dll;
GetCurrentPackageFullName;code;KERNEL32.dll;
GetCurrentPackageId;code;KERNEL32.dll;
GetCurrentPackageInfo;code;KERNEL32.dll;
GetCurrentPackagePath;code;KERNEL32.dll;
GetCurrentProcess;code;KERNEL32.dll;
GetCurrentProcessId;code;KERNEL32.dll;
GetCurrentProcessorNumber;code;KERNEL32.dll;
GetCurrentProcessorNumberEx;code;KERNEL32.dll;
GetCurrentThread;code;KERNEL32.dll;
GetCurrentThreadId;code;KERNEL32.dll;
GetCurrentThreadStackLimits;code;KERNEL32.dll;
GetDateFormatA;code;KERNEL32.dll;
GetDateFormatEx;code;KERNEL32.dll;
GetDateFormatW;code;KERNEL32.dll;
GetDefaultCommConfigA;code;KERNEL32.dll;
GetDefaultCommConfigW;code;KERNEL32.dll;
GetDevicePowerState;code;KERNEL32.dll;
GetDiskFreeSpaceA;code;KERNEL32.dll;
GetDiskFreeSpaceExA;code;KERNEL32.dll;
GetDiskFreeSpaceExW;code;KERNEL32.dll;
GetDiskFreeSpaceW;code;KERNEL32.dll;
GetDllDirectoryA;code;KERNEL32.dll;
GetDllDirectoryW;code;KERNEL32.dll;
GetDriveTypeA;code;KERNEL32.dll;
GetDriveTypeW;code;KERNEL32.dll;
GetDurationFormat;code;KERNEL32.dll;
GetDurationFormatEx;code;KERNEL32.dll;
GetDynamicTimeZoneInformation;code;KERNEL32.dll;
GetEnvironmentStrings;code;KERNEL32.dll;
GetEnvironmentStringsA;code;KERNEL32.dll;
GetEnvironmentStringsW;code;KERNEL32.dll;
GetEnvironmentVariableA;code;KERNEL32.dll;
GetEnvironmentVariableW;code;KERNEL32.dll;
GetEraNameCountedString;code;KERNEL32.dll;
GetErrorMode;code;KERNEL32.dll;
GetExitCodeProcess;code;KERNEL32.dll;
GetExitCodeThread;code;KERNEL32.dll;
GetFileAttributesA;code;KERNEL32.dll;
GetFileAttributesExA;code;KERNEL32.dll;
GetFileAttributesExW;code;KERNEL32.dll;
GetFileAttributesTransactedA;code;KERNEL32.dll;
GetFileAttributesTransactedW;code;KERNEL32.dll;
GetFileAttributesW;code;KERNEL32.dll;
GetFileBandwidthReservation;code;KERNEL32.dll;
GetFileInformationByHandle;code;KERNEL32.dll;
GetFileInformationByHandleEx;code;KERNEL32.dll;
GetFileMUIInfo;code;KERNEL32.dll;
GetFileMUIPath;code;KERNEL32.dll;
GetFileSize;code;KERNEL32.dll;
GetFileSizeEx;code;KERNEL32.dll;
GetFileTime;code;KERNEL32.dll;
GetFileType;code;KERNEL32.dll;
GetFinalPathNameByHandleA;code;KERNEL32.dll;
GetFinalPathNameByHandleW;code;KERNEL32.dll;
GetFirmwareEnvironmentVariableA;code;KERNEL32.dll;
GetFirmwareEnvironmentVariableExA;code;KERNEL32.dll;
GetFirmwareEnvironmentVariableExW;code;KERNEL32.dll;
GetFirmwareEnvironmentVariableW;code;KERNEL32.dll;
GetFirmwareType;code;KERNEL32.dll;
GetFullPathNameA;code;KERNEL32.dll;
GetFullPathNameTransactedA;code;KERNEL32.dll;
GetFullPathNameTransactedW;code;KERNEL32.dll;
GetFullPathNameW;code;KERNEL32.dll;
GetGeoInfoA;code;KERNEL32.dll;
GetGeoInfoEx;code;KERNEL32.dll;
GetGeoInfoW;code;KERNEL32.dll;
GetHandleInformation;code;KERNEL32.dll;
GetLargePageMinimum;code;KERNEL32.dll;
GetLargestConsoleWindowSize;code;KERNEL32.dll;
GetLastError;code;KERNEL32.dll;
GetLocalTime;code;KERNEL32.dll;
GetLocaleInfoA;code;KERNEL32.dll;
GetLocaleInfoEx;code;KERNEL32.dll;
GetLocaleInfoW;code;KERNEL32.dll;
GetLogicalDriveStringsA;code;KERNEL32.dll;
GetLogicalDriveStringsW;code;KERNEL32.dll;
GetLogicalDrives;code;KERNEL32.dll;
GetLogicalProcessorInformation;code;KERNEL32.dll;
GetLogicalProcessorInformationEx;code;KERNEL32.dll;
GetLongPathNameA;code;KERNEL32.dll;
GetLongPathNameTransactedA;code;KERNEL32.dll;
GetLongPathNameTransactedW;code;KERNEL32.dll;
GetLongPathNameW;code;KERNEL32.dll;
GetMailslotInfo;code;KERNEL32.dll;
GetMaximumProcessorCount;code;KERNEL32.dll;
GetMaximumProcessorGroupCount;code;KERNEL32.dll;
GetMemoryErrorHandlingCapabilities;code;KERNEL32.dll;
GetModuleFileNameA;code;KERNEL32.dll;
GetModuleFileNameW;code;KERNEL32.dll;
GetModuleHandleA;code;KERNEL32.dll;
GetModuleHandleExA;code;KERNEL32.dll;
GetModuleHandleExW;code;KERNEL32.dll;
GetModuleHandleW;code;KERNEL32.dll;
GetNLSVersion;code;KERNEL32.dll;
GetNLSVersionEx;code;KERNEL32.dll;
GetNamedPipeAttribute;code;KERNEL32.dll;
GetNamedPipeClientComputerNameA;code;KERNEL32.dll;
GetNamedPipeClientComputerNameW;code;KERNEL32.dll;
GetNamedPipeClientProcessId;code;KERNEL32.dll;
GetNamedPipeClientSessionId;code;KERNEL32.dll;
GetNamedPipeHandleStateA;code;KERNEL32.dll;
GetNamedPipeHandleStateW;code;KERNEL32.dll;
GetNamedPipeInfo;code;KERNEL32.dll;
GetNamedPipeServerProcessId;code;KERNEL32.dll;
GetNamedPipeServerSessionId;code;KERNEL32.dll;
GetNativeSystemInfo;code;KERNEL32.dll;
GetNumaAvailableMemoryNode;code;KERNEL32.dll;
GetNumaAvailableMemoryNodeEx;code;KERNEL32.dll;
GetNumaHighestNodeNumber;code;KERNEL32.dll;
GetNumaNodeNumberFromHandle;code;KERNEL32.dll;
GetNumaNodeProcessorMask;code;KERNEL32.dll;
GetNumaNodeProcessorMaskEx;code;KERNEL32.dll;
GetNumaProcessorNode;code;KERNEL32.dll;
GetNumaProcessorNodeEx;code;KERNEL32.dll;
GetNumaProximityNode;code;KERNEL32.dll;
GetNumaProximityNodeEx;code;KERNEL32.dll;
GetNumberFormatA;code;KERNEL32.dll;
GetNumberFormatEx;code;KERNEL32.dll;
GetNumberFormatW;code;KERNEL32.dll;
GetNumberOfConsoleInputEvents;code;KERNEL32.dll;
GetNumberOfConsoleMouseButtons;code;KERNEL32.dll;
GetOEMCP;code;KERNEL32.dll;
GetOverlappedResult;code;KERNEL32.dll;
GetOverlappedResultEx;code;KERNEL32.dll;
GetPackageApplicationIds;code;KERNEL32.dll;
GetPackageFamilyName;code;KERNEL32.dll;
GetPackageFullName;code;KERNEL32.dll;
GetPackageId;code;KERNEL32.dll;
GetPackageInfo;code;KERNEL32.dll;
GetPackagePath;code;KERNEL32.dll;
GetPackagePathByFullName;code;KERNEL32.dll;
GetPackagesByPackageFamily;code;KERNEL32.dll;
GetPhysicallyInstalledSystemMemory;code;KERNEL32.dll;
GetPriorityClass;code;KERNEL32.dll;
GetPrivateProfileIntA;code;KERNEL32.dll;
GetPrivateProfileIntW;code;KERNEL32.dll;
GetPrivateProfileSectionA;code;KERNEL32.dll;
GetPrivateProfileSectionNamesA;code;KERNEL32.dll;
GetPrivateProfileSectionNamesW;code;KERNEL32.dll;
GetPrivateProfileSectionW;code;KERNEL32.dll;
GetPrivateProfileStringA;code;KERNEL32.dll;
GetPrivateProfileStringW;code;KERNEL32.dll;
GetPrivateProfileStructA;code;KERNEL32.dll;
GetPrivateProfileStructW;code;KERNEL32.dll;
GetProcAddress;code;KERNEL32.dll;
GetProcessAffinityMask;code;KERNEL32.dll;
GetProcessDEPPolicy;code;KERNEL32.dll;
GetProcessDefaultCpuSets;code;KERNEL32.dll;
GetProcessGroupAffinity;code;KERNEL32.dll;
GetProcessHandleCount;code;KERNEL32.dll;
GetProcessHeap;code;KERNEL32.dll;
GetProcessHeaps;code;KERNEL32.dll;
GetProcessId;code;KERNEL32.dll;
GetProcessIdOfThread;code;KERNEL32.dll;
GetProcessInformation;code;KERNEL32.dll;
GetProcessIoCounters;code;KERNEL32.dll;
GetProcessMitigationPolicy;code;KERNEL32.dll;
GetProcessPreferredUILanguages;code;KERNEL32.dll;
GetProcessPriorityBoost;code;KERNEL32.dll;
GetProcessShutdownParameters;code;KERNEL32.dll;
GetProcessTimes;code;KERNEL32.dll;
GetProcessVersion;code;KERNEL32.dll;
GetProcessWorkingSetSize;code;KERNEL32.dll;
GetProcessWorkingSetSizeEx;code;KERNEL32.dll;
GetProcessorSystemCycleTime;code;KERNEL32.dll;
GetProductInfo;code;KERNEL32.dll;
GetProfileIntA;code;KERNEL32.dll;
GetProfileIntW;code;KERNEL32.dll;
GetProfileSectionA;code;KERNEL32.dll;
GetProfileSectionW;code;KERNEL32.dll;
GetProfileStringA;code;KERNEL32.dll;
GetProfileStringW;code;KERNEL32.dll;
GetQueuedCompletionStatus;code;KERNEL32.dll;
GetQueuedCompletionStatusEx;code;KERNEL32.dll;
GetShortPathNameA;code;KERNEL32.dll;
GetShortPathNameW;code;KERNEL32.dll;
GetStagedPackagePathByFullName;code;KERNEL32.dll;
GetStartupInfoA;code;KERNEL32.dll;
GetStartupInfoW;code;KERNEL32.dll;
GetStateFolder;code;KERNEL32.dll;
GetStdHandle;code;KERNEL32.dll;
GetStringScripts;code;KERNEL32.dll;
GetStringTypeA;code;KERNEL32.dll;
GetStringTypeExA;code;KERNEL32.dll;
GetStringTypeExW;code;KERNEL32.dll;
GetStringTypeW;code;KERNEL32.dll;
GetSystemAppDataKey;code;KERNEL32.dll;
GetSystemCpuSetInformation;code;KERNEL32.dll;
GetSystemDEPPolicy;code;KERNEL32.dll;
GetSystemDefaultLCID;code;KERNEL32.dll;
GetSystemDefaultLangID;code;KERNEL32.dll;
GetSystemDefaultLocaleName;code;KERNEL32.dll;
GetSystemDefaultUILanguage;code;KERNEL32.dll;
GetSystemDirectoryA;code;KERNEL32.dll;
GetSystemDirectoryW;code;KERNEL32.dll;
GetSystemFileCacheSize;code;KERNEL32.dll;
GetSystemFirmwareTable;code;KERNEL32.dll;
GetSystemInfo;code;KERNEL32.dll;
GetSystemPowerStatus;code;KERNEL32.dll;
GetSystemPreferredUILanguages;code;KERNEL32.dll;
GetSystemRegistryQuota;code;KERNEL32.dll;
GetSystemTime;code;KERNEL32.dll;
GetSystemTimeAdjustment;code;KERNEL32.dll;
GetSystemTimeAsFileTime;code;KERNEL32.dll;
GetSystemTimePreciseAsFileTime;code;KERNEL32.dll;
GetSystemTimes;code;KERNEL32.dll;
GetSystemWindowsDirectoryA;code;KERNEL32.dll;
GetSystemWindowsDirectoryW;code;KERNEL32.dll;
GetSystemWow64DirectoryA;code;KERNEL32.dll;
GetSystemWow64DirectoryW;code;KERNEL32.dll;
GetTapeParameters;code;KERNEL32.dll;
GetTapePosition;code;KERNEL32.dll;
GetTapeStatus;code;KERNEL32.dll;
GetTempFileNameA;code;KERNEL32.dll;
GetTempFileNameW;code;KERNEL32.dll;
GetTempPathA;code;KERNEL32.dll;
GetTempPathW;code;KERNEL32.dll;
GetThreadContext;code;KERNEL32.dll;
GetThreadDescription;code;KERNEL32.dll;
GetThreadErrorMode;code;KERNEL32.dll;
GetThreadGroupAffinity;code;KERNEL32.dll;
GetThreadIOPendingFlag;code;KERNEL32.dll;
GetThreadId;code;KERNEL32.dll;
GetThreadIdealProcessorEx;code;KERNEL32.dll;
GetThreadInformation;code;KERNEL32.dll;
GetThreadLocale;code;KERNEL32.dll;
GetThreadPreferredUILanguages;code;KERNEL32.dll;
GetThreadPriority;code;KERNEL32.dll;
GetThreadPriorityBoost;code;KERNEL32.dll;
GetThreadSelectedCpuSets;code;KERNEL32.dll;
GetThreadSelectorEntry;code;KERNEL32.dll;
GetThreadTimes;code;KERNEL32.dll;
GetThreadUILanguage;code;KERNEL32.dll;
GetTickCount;code;KERNEL32.dll;
GetTickCount64;code;KERNEL32.dll;
GetTimeFormatA;code;KERNEL32.dll;
GetTimeFormatEx;code;KERNEL32.dll;
GetTimeFormatW;code;KERNEL32.dll;
GetTimeZoneInformation;code;KERNEL32.dll;
GetTimeZoneInformationForYear;code;KERNEL32.dll;
GetUILanguageInfo;code;KERNEL32.dll;
GetUserDefaultGeoName;code;KERNEL32.dll;
GetUserDefaultLCID;code;KERNEL32.dll;
GetUserDefaultLangID;code;KERNEL32.dll;
GetUserDefaultLocaleName;code;KERNEL32.dll;
GetUserDefaultUILanguage;code;KERNEL32.dll;
GetUserGeoID;code;KERNEL32.dll;
GetUserPreferredUILanguages;code;KERNEL32.dll;
GetVersion;code;KERNEL32.dll;
GetVersionExA;code;KERNEL32.dll;
GetVersionExW;code;KERNEL32.dll;
GetVolumeInformationA;code;KERNEL32.dll;
GetVolumeInformationByHandleW;code;KERNEL32.dll;
GetVolumeInformationW;code;KERNEL32.dll;
GetVolumeNameForVolumeMountPointA;code;KERNEL32.dll;
GetVolumeNameForVolumeMountPointW;code;KERNEL32.dll;
GetVolumePathNameA;code;KERNEL32.dll;
GetVolumePathNameW;code;KERNEL32.dll;
GetVolumePathNamesForVolumeNameA;code;KERNEL32.dll;
GetVolumePathNamesForVolumeNameW;code;KERNEL32.dll;
GetWindowsDirectoryA;code;KERNEL32.dll;
GetWindowsDirectoryW;code;KERNEL32.dll;
GetWriteWatch;code;KERNEL32.dll;
GlobalAddAtomA;code;KERNEL32.dll;
GlobalAddAtomExA;code;KERNEL32.dll;
GlobalAddAtomExW;code;KERNEL32.dll;
GlobalAddAtomW;code;KERNEL32.dll;
GlobalAlloc;code;KERNEL32.dll;
GlobalCompact;code;KERNEL32.dll;
GlobalDeleteAtom;code;KERNEL32.dll;
GlobalFindAtomA;code;KERNEL32.dll;
GlobalFindAtomW;code;KERNEL32.dll;
GlobalFix;code;KERNEL32.dll;
GlobalFlags;code;KERNEL32.dll;
GlobalFree;code;KERNEL32.dll;
GlobalGetAtomNameA;code;KERNEL32.dll;
GlobalGetAtomNameW;code;KERNEL32.dll;
GlobalHandle;code;KERNEL32.dll;
GlobalLock;code;KERNEL32.dll;
GlobalMemoryStatus;code;KERNEL32.dll;
GlobalMemoryStatusEx;code;KERNEL32.dll;
GlobalReAlloc;code;KERNEL32.dll;
GlobalSize;code;KERNEL32.dll;
GlobalUnWire;code;KERNEL32.dll;
GlobalUnfix;code;KERNEL32.dll;
GlobalUnlock;code;KERNEL32.dll;
GlobalWire;code;KERNEL32.dll;
Heap32First;code;KERNEL32.dll;
Heap32ListFirst;code;KERNEL32.dll;
Heap32ListNext;code;KERNEL32.dll;
Heap32Next;code;KERNEL32.dll;
HeapAlloc;code;KERNEL32.dll;
HeapCompact;code;KERNEL32.dll;
HeapCreate;code;KERNEL32.dll;
HeapDestroy;code;KERNEL32.dll;
HeapFree;code;KERNEL32.dll;
HeapLock;code;KERNEL32.dll;
HeapQueryInformation;code;KERNEL32.dll;
HeapReAlloc;code;KERNEL32.dll;
HeapSetInformation;code;KERNEL32.dll;
HeapSize;code;KERNEL32.dll;
HeapSummary;code;KERNEL32.dll;
HeapUnlock;code;KERNEL32.dll;
HeapValidate;code;KERNEL32.dll;
HeapWalk;code;KERNEL32.dll;
InitAtomTable;code;KERNEL32.dll;
InitOnceBeginInitialize;code;KERNEL32.dll;
InitOnceComplete;code;KERNEL32.dll;
InitOnceExecuteOnce;code;KERNEL32.dll;
InitOnceInitialize;code;KERNEL32.dll;
InitializeConditionVariable;code;KERNEL32.dll;
InitializeContext;code;KERNEL32.dll;
InitializeCriticalSection;code;KERNEL32.dll;
InitializeCriticalSectionAndSpinCount;code;KERNEL32.dll;
InitializeCriticalSectionEx;code;KERNEL32.dll;
InitializeEnclave;code;KERNEL32.dll;
InitializeProcThreadAttributeList;code;KERNEL32.dll;
InitializeSListHead;code;KERNEL32.dll;
InitializeSRWLock;code;KERNEL32.dll;
InitializeSynchronizationBarrier;code;KERNEL32.dll;
InstallELAMCertificateInfo;code;KERNEL32.dll;
InterlockedFlushSList;code;KERNEL32.dll;
InterlockedPopEntrySList;code;KERNEL32.dll;
InterlockedPushEntrySList;code;KERNEL32.dll;
InterlockedPushListSList;code;KERNEL32.dll;
InterlockedPushListSListEx;code;KERNEL32.dll;
IsBadCodePtr;code;KERNEL32.dll;
IsBadHugeReadPtr;code;KERNEL32.dll;
IsBadHugeWritePtr;code;KERNEL32.dll;
IsBadReadPtr;code;KERNEL32.dll;
IsBadStringPtrA;code;KERNEL32.dll;
IsBadStringPtrW;code;KERNEL32.dll;
IsBadWritePtr;code;KERNEL32.dll;
IsDBCSLeadByte;code;KERNEL32.dll;
IsDBCSLeadByteEx;code;KERNEL32.dll;
IsDebuggerPresent;code;KERNEL32.dll;
IsEnclaveTypeSupported;code;KERNEL32.dll;
IsNLSDefinedString;code;KERNEL32.dll;
IsNativeVhdBoot;code;KERNEL32.dll;
IsNormalizedString;code;KERNEL32.dll;
IsProcessCritical;code;KERNEL32.dll;
IsProcessInJob;code;KERNEL32.dll;
IsProcessorFeaturePresent;code;KERNEL32.dll;
IsSystemResumeAutomatic;code;KERNEL32.dll;
IsThreadAFiber;code;KERNEL32.dll;
IsThreadpoolTimerSet;code;KERNEL32.dll;
IsValidCodePage;code;KERNEL32.dll;
IsValidLanguageGroup;code;KERNEL32.dll;
IsValidLocale;code;KERNEL32.dll;
IsValidLocaleName;code;KERNEL32.dll;
IsValidNLSVersion;code;KERNEL32.dll;
IsWow64GuestMachineSupported;code;KERNEL32.dll;
IsWow64Process;code;KERNEL32.dll;
IsWow64Process2;code;KERNEL32.dll;
K32EmptyWorkingSet;code;KERNEL32.dll;
K32EnumDeviceDrivers;code;KERNEL32.dll;
K32EnumPageFilesA;code;KERNEL32.dll;
K32EnumPageFilesW;code;KERNEL32.dll;
K32EnumProcessModules;code;KERNEL32.dll;
K32EnumProcessModulesEx;code;KERNEL32.dll;
K32EnumProcesses;code;KERNEL32.dll;
K32GetDeviceDriverBaseNameA;code;KERNEL32.dll;
K32GetDeviceDriverBaseNameW;code;KERNEL32.dll;
K32GetDeviceDriverFileNameA;code;KERNEL32.dll;
K32GetDeviceDriverFileNameW;code;KERNEL32.dll;
K32GetMappedFileNameA;code;KERNEL32.dll;
K32GetMappedFileNameW;code;KERNEL32.dll;
K32GetModuleBaseNameA;code;KERNEL32.dll;
K32GetModuleBaseNameW;code;KERNEL32.dll;
K32GetModuleFileNameExA;code;KERNEL32.dll;
K32GetModuleFileNameExW;code;KERNEL32.dll;
K32GetModuleInformation;code;KERNEL32.dll;
K32GetPerformanceInfo;code;KERNEL32.dll;
K32GetProcessImageFileNameA;code;KERNEL32.dll;
K32GetProcessImageFileNameW;code;KERNEL32.dll;
K32GetProcessMemoryInfo;code;KERNEL32.dll;
K32GetWsChanges;code;KERNEL32.dll;
K32GetWsChangesEx;code;KERNEL32.dll;
K32InitializeProcessForWsWatch;code;KERNEL32.dll;
K32QueryWorkingSet;code;KERNEL32.dll;
K32QueryWorkingSetEx;code;KERNEL32.dll;
LCIDToLocaleName;code;KERNEL32.dll;
LCMapStringA;code;KERNEL32.dll;
LCMapStringEx;code;KERNEL32.dll;
LCMapStringW;code;KERNEL32.dll;
LeaveCriticalSection;code;KERNEL32.dll;
LeaveCriticalSectionWhenCallbackReturns;code;KERNEL32.dll;
LoadAppInitDlls;code;KERNEL32.dll;
LoadEnclaveData;code;KERNEL32.dll;
LoadLibraryA;code;KERNEL32.dll;
LoadLibraryExA;code;KERNEL32.dll;
LoadLibraryExW;code;KERNEL32.dll;
LoadLibraryW;code;KERNEL32.dll;
LoadModule;code;KERNEL32.dll;
LoadPackagedLibrary;code;KERNEL32.dll;
LoadResource;code;KERNEL32.dll;
LoadStringBaseExW;code;KERNEL32.dll;
LoadStringBaseW;code;KERNEL32.dll;
LocalAlloc;code;KERNEL32.dll;
LocalCompact;code;KERNEL32.dll;
LocalFileTimeToFileTime;code;KERNEL32.dll;
LocalFlags;code;KERNEL32.dll;
LocalFree;code;KERNEL32.dll;
LocalHandle;code;KERNEL32.dll;
LocalLock;code;KERNEL32.dll;
LocalReAlloc;code;KERNEL32.dll;
LocalShrink;code;KERNEL32.dll;
LocalSize;code;KERNEL32.dll;
LocalUnlock;code;KERNEL32.dll;
LocaleNameToLCID;code;KERNEL32.dll;
LockFile;code;KERNEL32.dll;
LockFileEx;code;KERNEL32.dll;
LockResource;code;KERNEL32.dll;
MapUserPhysicalPages;code;KERNEL32.dll;
MapUserPhysicalPagesScatter;code;KERNEL32.dll;
MapViewOfFile;code;KERNEL32.dll;
MapViewOfFileEx;code;KERNEL32.dll;
MapViewOfFileExNuma;code;KERNEL32.dll;
MapViewOfFileFromApp;code;KERNEL32.dll;
Module32First;code;KERNEL32.dll;
Module32FirstW;code;KERNEL32.dll;
Module32Next;code;KERNEL32.dll;
Module32NextW;code;KERNEL32.dll;
MoveFileA;code;KERNEL32.dll;
MoveFileExA;code;KERNEL32.dll;
MoveFileExW;code;KERNEL32.dll;
MoveFileTransactedA;code;KERNEL32.dll;
MoveFileTransactedW;code;KERNEL32.dll;
MoveFileW;code;KERNEL32.dll;
MoveFileWithProgressA;code;KERNEL32.dll;
MoveFileWithProgressW;code;KERNEL32.dll;
MulDiv;code;KERNEL32.dll;
MultiByteToWideChar;code;KERNEL32.dll;
NeedCurrentDirectoryForExePathA;code;KERNEL32.dll;
NeedCurrentDirectoryForExePathW;code;KERNEL32.dll;
NormalizeString;code;KERNEL32.dll;
NotifyMountMgr;code;KERNEL32.dll;
NotifyUILanguageChange;code;KERNEL32.dll;
OOBEComplete;code;KERNEL32.dll;
OfferVirtualMemory;code;KERNEL32.dll;
OpenEventA;code;KERNEL32.dll;
OpenEventW;code;KERNEL32.dll;
OpenFile;code;KERNEL32.dll;
OpenFileById;code;KERNEL32.dll;
OpenFileMappingA;code;KERNEL32.dll;
OpenFileMappingW;code;KERNEL32.dll;
OpenJobObjectA;code;KERNEL32.dll;
OpenJobObjectW;code;KERNEL32.dll;
OpenMutexA;code;KERNEL32.dll;
OpenMutexW;code;KERNEL32.dll;
OpenPackageInfoByFullName;code;KERNEL32.dll;
OpenPrivateNamespaceA;code;KERNEL32.dll;
OpenPrivateNamespaceW;code;KERNEL32.dll;
OpenProcess;code;KERNEL32.dll;
OpenSemaphoreA;code;KERNEL32.dll;
OpenSemaphoreW;code;KERNEL32.dll;
OpenState;code;KERNEL32.dll;
OpenStateExplicit;code;KERNEL32.dll;
OpenThread;code;KERNEL32.dll;
OpenWaitableTimerA;code;KERNEL32.dll;
OpenWaitableTimerW;code;KERNEL32.dll;
OutputDebugStringA;code;KERNEL32.dll;
OutputDebugStringW;code;KERNEL32.dll;
PackageFamilyNameFromFullName;code;KERNEL32.dll;
PackageFamilyNameFromId;code;KERNEL32.dll;
PackageFullNameFromId;code;KERNEL32.dll;
PackageIdFromFullName;code;KERNEL32.dll;
PackageNameAndPublisherIdFromFamilyName;code;KERNEL32.dll;
ParseApplicationUserModelId;code;KERNEL32.dll;
PeekConsoleInputA;code;KERNEL32.dll;
PeekConsoleInputW;code;KERNEL32.dll;
PeekNamedPipe;code;KERNEL32.dll;
PostQueuedCompletionStatus;code;KERNEL32.dll;
PowerClearRequest;code;KERNEL32.dll;
PowerCreateRequest;code;KERNEL32.dll;
PowerSetRequest;code;KERNEL32.dll;
PrefetchVirtualMemory;code;KERNEL32.dll;
PrepareTape;code;KERNEL32.dll;
Process32First;code;KERNEL32.dll;
Process32FirstW;code;KERNEL32.dll;
Process32Next;code;KERNEL32.dll;
Process32NextW;code;KERNEL32.dll;
ProcessIdToSessionId;code;KERNEL32.dll;
PssCaptureSnapshot;code;KERNEL32.dll;
PssDuplicateSnapshot;code;KERNEL32.dll;
PssFreeSnapshot;code;KERNEL32.dll;
PssQuerySnapshot;code;KERNEL32.dll;
PssWalkMarkerCreate;code;KERNEL32.dll;
PssWalkMarkerFree;code;KERNEL32.dll;
PssWalkMarkerGetPosition;code;KERNEL32.dll;
PssWalkMarkerRewind;code;KERNEL32.dll;
PssWalkMarkerSeek;code;KERNEL32.dll;
PssWalkMarkerSeekToBeginning;code;KERNEL32.dll;
PssWalkMarkerSetPosition;code;KERNEL32.dll;
PssWalkMarkerTell;code;KERNEL32.dll;
PssWalkSnapshot;code;KERNEL32.dll;
PulseEvent;code;KERNEL32.dll;
PurgeComm;code;KERNEL32.dll;
QueryActCtxSettingsW;code;KERNEL32.dll;
QueryActCtxW;code;KERNEL32.dll;
QueryDepthSList;code;KERNEL32.dll;
QueryDosDeviceA;code;KERNEL32.dll;
QueryDosDeviceW;code;KERNEL32.dll;
QueryFullProcessImageNameA;code;KERNEL32.dll;
QueryFullProcessImageNameW;code;KERNEL32.dll;
QueryIdleProcessorCycleTime;code;KERNEL32.dll;
QueryIdleProcessorCycleTimeEx;code;KERNEL32.dll;
QueryInformationJobObject;code;KERNEL32.dll;
QueryIoRateControlInformationJobObject;code;KERNEL32.dll;
QueryMemoryResourceNotification;code;KERNEL32.dll;
QueryPerformanceCounter;code;KERNEL32.dll;
QueryPerformanceFrequency;code;KERNEL32.dll;
QueryProcessAffinityUpdateMode;code;KERNEL32.dll;
QueryProcessCycleTime;code;KERNEL32.dll;
QueryProtectedPolicy;code;KERNEL32.dll;
QueryThreadCycleTime;code;KERNEL32.dll;
QueryThreadProfiling;code;KERNEL32.dll;
QueryThreadpoolStackInformation;code;KERNEL32.dll;
QueryUnbiasedInterruptTime;code;KERNEL32.dll;
QueueUserAPC;code;KERNEL32.dll;
QueueUserWorkItem;code;KERNEL32.dll;
RaiseException;code;KERNEL32.dll;
RaiseFailFastException;code;KERNEL32.dll;
ReOpenFile;code;KERNEL32.dll;
ReadConsoleA;code;KERNEL32.dll;
ReadConsoleInputA;code;KERNEL32.dll;
ReadConsoleInputW;code;KERNEL32.dll;
ReadConsoleOutputA;code;KERNEL32.dll;
ReadConsoleOutputAttribute;code;KERNEL32.dll;
ReadConsoleOutputCharacterA;code;KERNEL32.dll;
ReadConsoleOutputCharacterW;code;KERNEL32.dll;
ReadConsoleOutputW;code;KERNEL32.dll;
ReadConsoleW;code;KERNEL32.dll;
ReadDirectoryChangesExW;code;KERNEL32.dll;
ReadDirectoryChangesW;code;KERNEL32.dll;
ReadFile;code;KERNEL32.dll;
ReadFileEx;code;KERNEL32.dll;
ReadFileScatter;code;KERNEL32.dll;
ReadProcessMemory;code;KERNEL32.dll;
ReadThreadProfilingData;code;KERNEL32.dll;
ReclaimVirtualMemory;code;KERNEL32.dll;
RegisterApplicationRecoveryCallback;code;KERNEL32.dll;
RegisterApplicationRestart;code;KERNEL32.dll;
RegisterBadMemoryNotification;code;KERNEL32.dll;
RegisterWaitForInputIdle;code;KERNEL32.dll;
RegisterWaitForSingleObject;code;KERNEL32.dll;
RegisterWaitForSingleObjectEx;code;KERNEL32.dll;
RegisterWaitUntilOOBECompleted;code;KERNEL32.dll;
ReleaseActCtx;code;KERNEL32.dll;
ReleaseMutex;code;KERNEL32.dll;
ReleaseMutexWhenCallbackReturns;code;KERNEL32.dll;
ReleaseSRWLockExclusive;code;KERNEL32.dll;
ReleaseSRWLockShared;code;KERNEL32.dll;
ReleaseSemaphore;code;KERNEL32.dll;
ReleaseSemaphoreWhenCallbackReturns;code;KERNEL32.dll;
RemoveDirectoryA;code;KERNEL32.dll;
RemoveDirectoryTransactedA;code;KERNEL32.dll;
RemoveDirectoryTransactedW;code;KERNEL32.dll;
RemoveDirectoryW;code;KERNEL32.dll;
RemoveDllDirectory;code;KERNEL32.dll;
RemoveLocalAlternateComputerNameA;code;KERNEL32.dll;
RemoveLocalAlternateComputerNameW;code;KERNEL32.dll;
RemoveSecureMemoryCacheCallback;code;KERNEL32.dll;
RemoveVectoredContinueHandler;code;KERNEL32.dll;
RemoveVectoredExceptionHandler;code;KERNEL32.dll;
ReplaceFile;code;KERNEL32.dll;
ReplaceFileA;code;KERNEL32.dll;
ReplaceFileW;code;KERNEL32.dll;
ReplacePartitionUnit;code;KERNEL32.dll;
RequestDeviceWakeup;code;KERNEL32.dll;
RequestWakeupLatency;code;KERNEL32.dll;
ResetEvent;code;KERNEL32.dll;
ResetWriteWatch;code;KERNEL32.dll;
ResolveDelayLoadedAPI;code;KERNEL32.dll;
ResolveDelayLoadsFromDll;code;KERNEL32.dll;
ResolveLocaleName;code;KERNEL32.dll;
RestoreLastError;code;KERNEL32.dll;
ResumeThread;code;KERNEL32.dll;
RtlAddFunctionTable;code;KERNEL32.dll;
RtlCaptureContext;code;KERNEL32.dll;
RtlCaptureStackBackTrace;code;KERNEL32.dll;
RtlCompareMemory;code;KERNEL32.dll;
RtlCopyMemory;code;KERNEL32.dll;
RtlDeleteFunctionTable;code;KERNEL32.dll;
RtlFillMemory;code;KERNEL32.dll;
RtlInstallFunctionTableCallback;code;KERNEL32.dll;
RtlLookupFunctionEntry;code;KERNEL32.dll;
RtlMoveMemory;code;KERNEL32.dll;
RtlPcToFileHeader;code;KERNEL32.dll;
RtlRestoreContext;code;KERNEL32.dll;
RtlUnwind;code;KERNEL32.dll;
RtlUnwindEx;code;KERNEL32.dll;
RtlVirtualUnwind;code;KERNEL32.dll;
RtlZeroMemory;code;KERNEL32.dll;
ScrollConsoleScreenBufferA;code;KERNEL32.dll;
ScrollConsoleScreenBufferW;code;KERNEL32.dll;
SearchPathA;code;KERNEL32.dll;
SearchPathW;code;KERNEL32.dll;
SetCachedSigningLevel;code;KERNEL32.dll;
SetCalendarInfoA;code;KERNEL32.dll;
SetCalendarInfoW;code;KERNEL32.dll;
SetCommBreak;code;KERNEL32.dll;
SetCommConfig;code;KERNEL32.dll;
SetCommMask;code;KERNEL32.dll;
SetCommState;code;KERNEL32.dll;
SetCommTimeouts;code;KERNEL32.dll;
SetComputerNameA;code;KERNEL32.dll;
SetComputerNameEx2W;code;KERNEL32.dll;
SetComputerNameExA;code;KERNEL32.dll;
SetComputerNameExW;code;KERNEL32.dll;
SetComputerNameW;code;KERNEL32.dll;
SetConsoleActiveScreenBuffer;code;KERNEL32.dll;
SetConsoleCP;code;KERNEL32.dll;
SetConsoleCtrlHandler;code;KERNEL32.dll;
SetConsoleCursor;code;KERNEL32.dll;
SetConsoleCursorInfo;code;KERNEL32.dll;
SetConsoleCursorPosition;code;KERNEL32.dll;
SetConsoleDisplayMode;code;KERNEL32.dll;
SetConsoleHistoryInfo;code;KERNEL32.dll;
SetConsoleMode;code;KERNEL32.dll;
SetConsoleOutputCP;code;KERNEL32.dll;
SetConsoleScreenBufferInfoEx;code;KERNEL32.dll;
SetConsoleScreenBufferSize;code;KERNEL32.dll;
SetConsoleTextAttribute;code;KERNEL32.dll;
SetConsoleTitleA;code;KERNEL32.dll;
SetConsoleTitleW;code;KERNEL32.dll;
SetConsoleWindowInfo;code;KERNEL32.dll;
SetCriticalSectionSpinCount;code;KERNEL32.dll;
SetCurrentConsoleFontEx;code;KERNEL32.dll;
SetCurrentDirectoryA;code;KERNEL32.dll;
SetCurrentDirectoryW;code;KERNEL32.dll;
SetDefaultCommConfigA;code;KERNEL32.dll;
SetDefaultCommConfigW;code;KERNEL32.dll;
SetDefaultDllDirectories;code;KERNEL32.dll;
SetDllDirectoryA;code;KERNEL32.dll;
SetDllDirectoryW;code;KERNEL32.dll;
SetDynamicTimeZoneInformation;code;KERNEL32.dll;
SetEndOfFile;code;KERNEL32.dll;
SetEnvironmentStringsA;code;KERNEL32.dll;
SetEnvironmentStringsW;code;KERNEL32.dll;
SetEnvironmentVariableA;code;KERNEL32.dll;
SetEnvironmentVariableW;code;KERNEL32.dll;
SetErrorMode;code;KERNEL32.dll;
SetEvent;code;KERNEL32.dll;
SetEventWhenCallbackReturns;code;KERNEL32.dll;
SetFileApisToANSI;code;KERNEL32.dll;
SetFileApisToOEM;code;KERNEL32.dll;
SetFileAttributesA;code;KERNEL32.dll;
SetFileAttributesTransactedA;code;KERNEL32.dll;
SetFileAttributesTransactedW;code;KERNEL32.dll;
SetFileAttributesW;code;KERNEL32.dll;
SetFileBandwidthReservation;code;KERNEL32.dll;
SetFileCompletionNotificationModes;code;KERNEL32.dll;
SetFileInformationByHandle;code;KERNEL32.dll;
SetFileIoOverlappedRange;code;KERNEL32.dll;
SetFilePointer;code;KERNEL32.dll;
SetFilePointerEx;code;KERNEL32.dll;
SetFileShortNameA;code;KERNEL32.dll;
SetFileShortNameW;code;KERNEL32.dll;
SetFileTime;code;KERNEL32.dll;
SetFileValidData;code;KERNEL32.dll;
SetFirmwareEnvironmentVariableA;code;KERNEL32.dll;
SetFirmwareEnvironmentVariableExA;code;KERNEL32.dll;
SetFirmwareEnvironmentVariableExW;code;KERNEL32.dll;
SetFirmwareEnvironmentVariableW;code;KERNEL32.dll;
SetHandleCount;code;KERNEL32.dll;
SetHandleInformation;code;KERNEL32.dll;
SetInformationJobObject;code;KERNEL32.dll;
SetIoRateControlInformationJobObject;code;KERNEL32.dll;
SetLastError;code;KERNEL32.dll;
SetLocalPrimaryComputerNameA;code;KERNEL32.dll;
SetLocalPrimaryComputerNameW;code;KERNEL32.dll;
SetLocalTime;code;KERNEL32.dll;
SetLocaleInfoA;code;KERNEL32.dll;
SetLocaleInfoW;code;KERNEL32.dll;
SetMailslotInfo;code;KERNEL32.dll;
SetMessageWaitingIndicator;code;KERNEL32.dll;
SetNamedPipeAttribute;code;KERNEL32.dll;
SetNamedPipeHandleState;code;KERNEL32.dll;
SetPriorityClass;code;KERNEL32.dll;
SetProcessAffinityMask;code;KERNEL32.dll;
SetProcessAffinityUpdateMode;code;KERNEL32.dll;
SetProcessDEPPolicy;code;KERNEL32.dll;
SetProcessDefaultCpuSets;code;KERNEL32.dll;
SetProcessInformation;code;KERNEL32.dll;
SetProcessMitigationPolicy;code;KERNEL32.dll;
SetProcessPreferredUILanguages;code;KERNEL32.dll;
SetProcessPriorityBoost;code;KERNEL32.dll;
SetProcessShutdownParameters;code;KERNEL32.dll;
SetProcessWorkingSetSize;code;KERNEL32.dll;
SetProcessWorkingSetSizeEx;code;KERNEL32.dll;
SetProtectedPolicy;code;KERNEL32.dll;
SetSearchPathMode;code;KERNEL32.dll;
SetStdHandle;code;KERNEL32.dll;
SetStdHandleEx;code;KERNEL32.dll;
SetSystemFileCacheSize;code;KERNEL32.dll;
SetSystemPowerState;code;KERNEL32.dll;
SetSystemTime;code;KERNEL32.dll;
SetSystemTimeAdjustment;code;KERNEL32.dll;
SetTapeParameters;code;KERNEL32.dll;
SetTapePosition;code;KERNEL32.dll;
SetThreadAffinityMask;code;KERNEL32.dll;
SetThreadContext;code;KERNEL32.dll;
SetThreadDescription;code;KERNEL32.dll;
SetThreadErrorMode;code;KERNEL32.dll;
SetThreadExecutionState;code;KERNEL32.dll;
SetThreadGroupAffinity;code;KERNEL32.dll;
SetThreadIdealProcessor;code;KERNEL32.dll;
SetThreadIdealProcessorEx;code;KERNEL32.dll;
SetThreadInformation;code;KERNEL32.dll;
SetThreadLocale;code;KERNEL32.dll;
SetThreadPreferredUILanguages;code;KERNEL32.dll;
SetThreadPriority;code;KERNEL32.dll;
SetThreadPriorityBoost;code;KERNEL32.dll;
SetThreadSelectedCpuSets;code;KERNEL32.dll;
SetThreadStackGuarantee;code;KERNEL32.dll;
SetThreadUILanguage;code;KERNEL32.dll;
SetThreadpoolStackInformation;code;KERNEL32.dll;
SetThreadpoolThreadMaximum;code;KERNEL32.dll;
SetThreadpoolThreadMinimum;code;KERNEL32.dll;
SetThreadpoolTimer;code;KERNEL32.dll;
SetThreadpoolTimerEx;code;KERNEL32.dll;
SetThreadpoolWait;code;KERNEL32.dll;
SetThreadpoolWaitEx;code;KERNEL32.dll;
SetTimeZoneInformation;code;KERNEL32.dll;
SetTimerQueueTimer;code;KERNEL32.dll;
SetUnhandledExceptionFilter;code;KERNEL32.dll;
SetUserGeoID;code;KERNEL32.dll;
SetUserGeoName;code;KERNEL32.dll;
SetVolumeLabelA;code;KERNEL32.dll;
SetVolumeLabelW;code;KERNEL32.dll;
SetVolumeMountPointA;code;KERNEL32.dll;
SetVolumeMountPointW;code;KERNEL32.dll;
SetWaitableTimer;code;KERNEL32.dll;
SetWaitableTimerEx;code;KERNEL32.dll;
SetupComm;code;KERNEL32.dll;
SignalObjectAndWait;code;KERNEL32.dll;
SizeofResource;code;KERNEL32.dll;
Sleep;code;KERNEL32.dll;
SleepConditionVariableCS;code;KERNEL32.dll;
SleepConditionVariableSRW;code;KERNEL32.dll;
SleepEx;code;KERNEL32.dll;
StartThreadpoolIo;code;KERNEL32.dll;
SubmitThreadpoolWork;code;KERNEL32.dll;
SuspendThread;code;KERNEL32.dll;
SwitchToFiber;code;KERNEL32.dll;
SwitchToThread;code;KERNEL32.dll;
SystemTimeToFileTime;code;KERNEL32.dll;
SystemTimeToTzSpecificLocalTime;code;KERNEL32.dll;
SystemTimeToTzSpecificLocalTimeEx;code;KERNEL32.dll;
TerminateJobObject;code;KERNEL32.dll;
TerminateProcess;code;KERNEL32.dll;
TerminateThread;code;KERNEL32.dll;
Thread32First;code;KERNEL32.dll;
Thread32Next;code;KERNEL32.dll;
TlsAlloc;code;KERNEL32.dll;
TlsFree;code;KERNEL32.dll;
TlsGetValue;code;KERNEL32.dll;
TlsSetValue;code;KERNEL32.dll;
Toolhelp32ReadProcessMemory;code;KERNEL32.dll;
TransactNamedPipe;code;KERNEL32.dll;
TransmitCommChar;code;KERNEL32.dll;
TryAcquireSRWLockExclusive;code;KERNEL32.dll;
TryAcquireSRWLockShared;code;KERNEL32.dll;
TryEnterCriticalSection;code;KERNEL32.dll;
TrySubmitThreadpoolCallback;code;KERNEL32.dll;
TzSpecificLocalTimeToSystemTime;code;KERNEL32.dll;
TzSpecificLocalTimeToSystemTimeEx;code;KERNEL32.dll;
UnhandledExceptionFilter;code;KERNEL32.dll;
UnlockFile;code;KERNEL32.dll;
UnlockFileEx;code;KERNEL32.dll;
UnmapViewOfFile;code;KERNEL32.dll;
UnmapViewOfFileEx;code;KERNEL32.dll;
UnregisterApplicationRecoveryCallback;code;KERNEL32.dll;
UnregisterApplicationRestart;code;KERNEL32.dll;
UnregisterBadMemoryNotification;code;KERNEL32.dll;
UnregisterWait;code;KERNEL32.dll;
UnregisterWaitEx;code;KERNEL32.dll;
UnregisterWaitUntilOOBECompleted;code;KERNEL32.dll;
UpdateProcThreadAttribute;code;KERNEL32.dll;
UpdateResourceA;code;KERNEL32.dll;
UpdateResourceW;code;KERNEL32.dll;
VerLanguageNameA;code;KERNEL32.dll;
VerLanguageNameW;code;KERNEL32.dll;
VerSetConditionMask;code;KERNEL32.dll;
VerifyScripts;code;KERNEL32.dll;
VerifyVersionInfoA;code;KERNEL32.dll;
VerifyVersionInfoW;code;KERNEL32.dll;
VirtualAlloc;code;KERNEL32.dll;
VirtualAllocEx;code;KERNEL32.dll;
VirtualAllocExNuma;code;KERNEL32.dll;
VirtualFree;code;KERNEL32.dll;
VirtualFreeEx;code;KERNEL32.dll;
VirtualLock;code;KERNEL32.dll;
VirtualProtect;code;KERNEL32.dll;
VirtualProtectEx;code;KERNEL32.dll;
VirtualQuery;code;KERNEL32.dll;
VirtualQueryEx;code;KERNEL32.dll;
VirtualUnlock;code;KERNEL32.dll;
WTSGetActiveConsoleSessionId;code;KERNEL32.dll;
WaitCommEvent;code;KERNEL32.dll;
WaitForDebugEvent;code;KERNEL32.dll;
WaitForDebugEventEx;code;KERNEL32.dll;
WaitForMultipleObjects;code;KERNEL32.dll;
WaitForMultipleObjectsEx;code;KERNEL32.dll;
WaitForSingleObject;code;KERNEL32.dll;
WaitForSingleObjectEx;code;KERNEL32.dll;
WaitForThreadpoolIoCallbacks;code;KERNEL32.dll;
WaitForThreadpoolTimerCallbacks;code;KERNEL32.dll;
WaitForThreadpoolWaitCallbacks;code;KERNEL32.dll;
WaitForThreadpoolWorkCallbacks;code;KERNEL32.dll;
WaitNamedPipeA;code;KERNEL32.dll;
WaitNamedPipeW;code;KERNEL32.dll;
WakeAllConditionVariable;code;KERNEL32.dll;
WakeConditionVariable;code;KERNEL32.dll;
WerGetFlags;code;KERNEL32.dll;
WerRegisterAdditionalProcess;code;KERNEL32.dll;
WerRegisterAppLocalDump;code;KERNEL32.dll;
WerRegisterCustomMetadata;code;KERNEL32.dll;
WerRegisterExcludedMemoryBlock;code;KERNEL32.dll;
WerRegisterFile;code;KERNEL32.dll;
WerRegisterMemoryBlock;code;KERNEL32.dll;
WerRegisterRuntimeExceptionModule;code;KERNEL32.dll;
WerSetFlags;code;KERNEL32.dll;
WerUnregisterAdditionalProcess;code;KERNEL32.dll;
WerUnregisterAppLocalDump;code;KERNEL32.dll;
WerUnregisterCustomMetadata;code;KERNEL32.dll;
WerUnregisterExcludedMemoryBlock;code;KERNEL32.dll;
WerUnregisterFile;code;KERNEL32.dll;
WerUnregisterMemoryBlock;code;KERNEL32.dll;
WerUnregisterRuntimeExceptionModule;code;KERNEL32.dll;
WerpInitiateRemoteRecovery;code;KERNEL32.dll;
WideCharToMultiByte;code;KERNEL32.dll;
WinExec;code;KERNEL32.dll;
Wow64DisableWow64FsRedirection;code;KERNEL32.dll;
Wow64EnableWow64FsRedirection;code;KERNEL32.dll;
Wow64GetThreadContext;code;KERNEL32.dll;
Wow64GetThreadSelectorEntry;code;KERNEL32.dll;
Wow64RevertWow64FsRedirection;code;KERNEL32.dll;
Wow64SetThreadContext;code;KERNEL32.dll;
Wow64SuspendThread;code;KERNEL32.dll;
WriteConsoleA;code;KERNEL32.dll;
WriteConsoleInputA;code;KERNEL32.dll;
WriteConsoleInputW;code;KERNEL32.dll;
WriteConsoleOutputA;code;KERNEL32.dll;
WriteConsoleOutputAttribute;code;KERNEL32.dll;
WriteConsoleOutputCharacterA;code;KERNEL32.dll;
WriteConsoleOutputCharacterW;code;KERNEL32.dll;
WriteConsoleOutputW;code;KERNEL32.dll;
WriteConsoleW;code;KERNEL32.dll;
WriteFile;code;KERNEL32.dll;
WriteFileEx;code;KERNEL32.dll;
WriteFileGather;code;KERNEL32.dll;
WritePrivateProfileSectionA;code;KERNEL32.dll;
WritePrivateProfileSectionW;code;KERNEL32.dll;
WritePrivateProfileStringA;code;KERNEL32.dll;
WritePrivateProfileStringW;code;KERNEL32.dll;
WritePrivateProfileStructA;code;KERNEL32.dll;
WritePrivateProfileStructW;code;KERNEL32.dll;
WriteProcessMemory;code;KERNEL32.dll;
WriteProfileSectionA;code;KERNEL32.dll;
WriteProfileSectionW;code;KERNEL32.dll;
WriteProfileStringA;code;KERNEL32.dll;
WriteProfileStringW;code;KERNEL32.dll;
WriteTapemark;code;KERNEL32.dll;
ZombifyActCtx;code;KERNEL32.dll;
_hread;code;KERNEL32.dll;
_hwrite;code;KERNEL32.dll;
_lclose;code;KERNEL32.dll;
_lcreat;code;KERNEL32.dll;
_llseek;code;KERNEL32.dll;
_lopen;code;KERNEL32.dll;
_lread;code;KERNEL32.dll;
_lwrite;code;KERNEL32.dll;
lstrcat;code;KERNEL32.dll;
lstrcatA;code;KERNEL32.dll;
lstrcatW;code;KERNEL32.dll;
lstrcmp;code;KERNEL32.dll;
lstrcmpA;code;KERNEL32.dll;
lstrcmpW;code;KERNEL32.dll;
lstrcmpi;code;KERNEL32.dll;
lstrcmpiA;code;KERNEL32.dll;
lstrcmpiW;code;KERNEL32.dll;
lstrcpy;code;KERNEL32.dll;
lstrcpyA;code;KERNEL32.dll;
lstrcpyW;code;KERNEL32.dll;
lstrcpyn;code;KERNEL32.dll;
lstrcpynA;code;KERNEL32.dll;
lstrcpynW;code;KERNEL32.dll;
lstrlen;code;KERNEL32.dll;
lstrlenA;code;KERNEL32.dll;
lstrlenW;code;KERNEL32.dll;
uaw_lstrcmpW;code;KERNEL32.dll;
uaw_lstrcmpiW;code;KERNEL32.dll;
uaw_lstrlenW;code;KERNEL32.dll;
uaw_wcschr;code;KERNEL32.dll;
uaw_wcscpy;code;KERNEL32.dll;
uaw_wcsicmp;code;KERNEL32.dll;
uaw_wcslen;code;KERNEL32.dll;
uaw_wcsrchr;code;KERNEL32.dll;
